1
20
40
572 923 829 489 142 112 345 721 385 146 354 335 960 229 133 203 340 899 521 28 
639 745 262 988 422 959 319 502 78 732 497 15 547 601 515 794 696 919 457 845 
919 623 798 135 793 348 242 533 738 757 981 952 414 181 803 130 964 682 775 918 
218 181 466 66 278 418 323 12 539 30 163 725 969 733 338 986 859 168 978 515 
529 421 324 387 212 599 85 421 403 830 570 529 290 768 402 737 832 292 766 243 
763 424 902 769 243 666 223 292 999 970 51 443 556 205 672 497 663 79 227 103 
160 563 380 313 905 950 206 496 602 959 162 134 535 958 313 252 821 114 128 727 
527 715 899 117 828 946 416 122 321 820 704 298 951 473 183 481 764 581 106 846 
367 531 210 6 230 73 848 308 106 375 292 292 905 255 759 403 771 491 615 772 
436 379 792 108 158 839 584 459 89 388 20 705 723 77 640 592 513 132 140 560 
293 857 431 335 653 598 190 454 407 596 57 67 619 182 12 734 866 60 333 540 
407 226 888 40 570 149 468 615 821 670 382 794 652 650 301 556 803 852 550 950 
548 872 414 233 743 112 842 889 306 502 581 763 428 964 28 636 445 369 542 979 
346 864 634 758 419 35 528 746 954 735 942 930 934 203 736 126 392 455 601 225 
736 778 609 191 378 171 426 63 564 996 968 897 242 765 699 964 684 629 333 93 
321 974 569 271 631 739 631 514 128 685 290 527 758 279 729 140 369 514 642 865 
663 757 322 300 349 778 511 700 486 337 131 362 645 673 81 235 521 382 708 176 
634 212 898 227 89 392 81 275 225 661 917 170 511 620 578 425 105 614 472 34 
466 498 432 974 770 351 934 316 349 575 283 375 583 486 534 849 583 693 185 119 
664 424 548 83 966 697 781 817 501 248 450 227 190 713 218 559 211 11 91 893 
0 295 848 355 557 662 963 437 588 390 58 619 729 291 531 482 468 163 559 663 396 672 374 193 932 635 438 216 688 226 81 19 195 213 819 323 780 218 566 805 
295 0 336 800 756 4 641 885 849 194 256 344 347 426 275 961 245 712 209 615 924 50 895 93 877 301 134 108 578 6 147 739 515 761 475 142 73 41 312 803 
848 336 0 485 306 734 862 926 808 917 433 575 294 750 416 740 871 963 230 677 308 712 667 387 577 129 766 72 170 404 657 545 97 567 409 373 670 277 281 341 
355 800 485 0 130 666 455 282 493 136 535 555 960 159 554 636 943 441 946 230 29 569 2 928 510 258 12 484 18 874 860 34 107 570 201 513 266 96 204 192 
557 756 306 130 0 289 683 137 341 16 178 83 515 895 43 688 745 296 824 582 969 44 734 151 51 696 988 586 667 908 223 350 43 319 533 554 335 351 845 904 
662 4 734 666 289 0 417 814 253 753 944 655 259 529 341 889 777 817 188 390 651 999 864 793 844 289 173 639 4 828 986 294 250 169 334 49 333 586 276 360 
963 641 862 455 683 417 0 602 101 581 689 862 169 819 74 850 704 413 600 683 862 961 250 568 986 758 243 176 174 563 13 491 47 105 272 20 977 463 248 320 
437 885 926 282 137 814 602 0 613 357 727 459 24 643 474 810 894 148 557 717 883 223 228 316 705 680 472 228 446 424 118 727 882 935 523 58 491 622 42 750 
588 849 808 493 341 253 101 613 0 41 566 176 41 207 542 651 981 443 497 186 641 884 473 75 239 511 805 267 216 731 202 469 101 585 773 362 518 626 365 471 
390 194 917 136 16 753 581 357 41 0 178 300 345 336 528 570 642 717 872 48 762 568 227 283 919 682 342 985 573 703 50 484 935 839 380 566 315 728 887 294 
58 256 433 535 178 944 689 727 566 178 0 216 860 676 718 308 576 725 398 182 824 893 862 522 357 386 784 645 316 385 630 157 455 476 119 694 140 31 775 979 
619 344 575 555 83 655 862 459 176 300 216 0 526 259 407 462 304 911 522 830 901 986 795 923 701 91 33 197 867 131 927 657 349 172 516 114 859 471 34 784 
729 347 294 960 515 259 169 24 41 345 860 526 0 131 727 97 289 356 191 875 761 945 840 387 694 535 851 632 801 403 972 569 231 5 670 976 670 96 414 676 
291 426 750 159 895 529 819 643 207 336 676 259 131 0 946 78 660 224 874 284 223 973 251 742 302 363 299 527 660 619 425 139 946 180 606 940 976 587 503 148 
531 275 416 554 43 341 74 474 542 528 718 407 727 946 0 690 100 705 819 810 559 3 907 286 810 983 519 202 790 352 264 800 640 763 9 414 974 277 524 525 
482 961 740 636 688 889 850 810 651 570 308 462 97 78 690 0 856 771 284 488 70 168 251 73 285 728 408 566 928 94 225 980 401 504 22 885 676 725 775 952 
468 245 871 943 745 777 704 894 981 642 576 304 289 660 100 856 0 218 517 950 850 773 670 966 389 187 356 514 304 325 47 928 682 15 441 90 156 244 58 935 
163 712 963 441 296 817 413 148 443 717 725 911 356 224 705 771 218 0 415 870 131 770 606 146 529 413 861 255 902 25 794 326 840 184 194 985 956 263 299 328 
559 209 230 946 824 188 600 557 497 872 398 522 191 874 819 284 517 415 0 563 278 125 973 62 439 728 828 857 772 779 16 184 725 781 942 14 724 331 870 947 
663 615 677 230 582 390 683 717 186 48 182 830 875 284 810 488 950 870 563 0 356 123 578 971 46 804 327 289 205 215 548 617 476 991 995 874 34 139 358 497 
396 924 308 29 969 651 862 883 641 762 824 901 761 223 559 70 850 131 278 356 0 890 615 441 41 434 350 197 139 522 573 350 89 91 171 953 57 35 567 273 
672 50 712 569 44 999 961 223 884 568 893 986 945 973 3 168 773 770 125 123 890 0 726 882 703 834 974 516 840 642 777 425 426 860 354 703 564 90 496 488 
374 895 667 2 734 864 250 228 473 227 862 795 840 251 907 251 670 606 973 578 615 726 0 241 223 348 941 358 458 224 106 575 443 192 389 696 639 627 662 595 
193 93 387 928 151 793 568 316 75 283 522 923 387 742 286 73 966 146 62 971 441 882 241 0 284 687 8 516 197 366 765 416 597 855 896 737 226 81 967 905 
932 877 577 510 51 844 986 705 239 919 357 701 694 302 810 285 389 529 439 46 41 703 223 284 0 497 184 996 442 947 877 91 799 654 447 735 339 318 981 982 
635 301 129 258 696 289 758 680 511 682 386 91 535 363 983 728 187 413 728 804 434 834 348 687 497 0 509 187 515 849 491 374 43 434 694 434 955 518 9 907 
438 134 766 12 988 173 243 472 805 342 784 33 851 299 519 408 356 861 828 327 350 974 941 8 184 509 0 500 498 39 956 447 370 926 313 38 890 53 796 518 
216 108 72 484 586 639 176 228 267 985 645 197 632 527 202 566 514 255 857 289 197 516 358 516 996 187 500 0 308 969 948 234 153 854 359 583 471 541 836 228 
688 578 170 18 667 4 174 446 216 573 316 867 801 660 790 928 304 902 772 205 139 840 458 197 442 515 498 308 0 302 991 599 664 874 398 806 548 855 222 152 
226 6 404 874 908 828 563 424 731 703 385 131 403 619 352 94 325 25 779 215 522 642 224 366 947 849 39 969 302 0 332 333 464 681 685 654 85 304 80 451 
81 147 657 860 223 986 13 118 202 50 630 927 972 425 264 225 47 794 16 548 573 777 106 765 877 491 956 948 991 332 0 100 258 327 187 928 618 83 131 509 
19 739 545 34 350 294 491 727 469 484 157 657 569 139 800 980 928 326 184 617 350 425 575 416 91 374 447 234 599 333 100 0 433 430 428 572 530 237 829 821 
195 515 97 107 43 250 47 882 101 935 455 349 231 946 640 401 682 840 725 476 89 426 443 597 799 43 370 153 664 464 258 433 0 694 145 56 518 700 912 737 
213 761 567 570 319 169 105 935 585 839 476 172 5 180 763 504 15 184 781 991 91 860 192 855 654 434 926 854 874 681 327 430 694 0 67 666 905 240 228 566 
819 475 409 201 533 334 272 523 773 380 119 516 670 606 9 22 441 194 942 995 171 354 389 896 447 694 313 359 398 685 187 428 145 67 0 336 913 316 391 54 
323 142 373 513 554 49 20 58 362 566 694 114 976 940 414 885 90 985 14 874 953 703 696 737 735 434 38 583 806 654 928 572 56 666 336 0 892 220 194 950 
780 73 670 266 335 333 977 491 518 315 140 859 670 976 974 676 156 956 724 34 57 564 639 226 339 955 890 471 548 85 618 530 518 905 913 892 0 123 961 856 
218 41 277 96 351 586 463 622 626 728 31 471 96 587 277 725 244 263 331 139 35 90 627 81 318 518 53 541 855 304 83 237 700 240 316 220 123 0 467 206 
566 312 281 204 845 276 248 42 365 887 775 34 414 503 524 775 58 299 870 358 567 496 662 967 981 9 796 836 222 80 131 829 912 228 391 194 961 467 0 78 
805 803 341 192 904 360 320 750 471 294 979 784 676 148 525 952 935 328 947 497 273 488 595 905 982 907 518 228 152 451 509 821 737 566 54 950 856 206 78 0 
